Kaneria, Dhrupad Chandrakanth
Iteration 1
Classifier h = I(x < 0.751757)
G Error = 0.34
C_Plus = 0.20, C_Minus = 0.00
Normalization Factor Z = 0.90
Pi after normalization = 0.02, 0.02, 0.02, 0.02, 0.02, 0.02, 0.02, 0.02, 0.02, 0.02, 0.02, 0.02, 0.02, 0.02, 0.02, 0.02, 0.02, 0.02, 0.02, 0.02, 0.02, 0.02, 0.02, 0.02, 0.02, 0.02, 0.02, 0.02, 0.02, 0.02, 0.02, 0.02, 0.02, 0.02, 0.02, 0.02, 0.02, 0.02, 0.02, 0.02, 0.02, 0.02, 0.02, 0.02, 0.02, 0.02, 0.02, 0.02, 0.02, 0.02
f(x) = 0.34, -0.34, 0.34, 0.34, 0.34, 0.34, 0.34, 0.34, 0.34, 0.34, 0.34, 0.34, 0.34, -0.34, 0.34, -0.34, -0.34, 0.34, 0.34, -0.34, -0.34, 0.34, 0.34, -0.34, 0.34, -0.34, -0.34, 0.34, 0.34, 0.34, -0.34, -0.34, -0.34, -0.34, -0.34, -0.34, -0.34, -0.34, -0.34, 0.34, -0.34, -0.34, 0.34, 0.34, -0.34, 0.34, -0.34, 0.34, 0.34, -0.34
Boosted Classifier Error = 0.30
Bound on Error = 0.90

Iteration 2
Classifier h = I(x < 0.751757)
G Error = 0.34
C_Plus = 0.10, C_Minus = 0.00
Normalization Factor Z = 0.95
Pi after normalization = 0.02, 0.02, 0.02, 0.02, 0.02, 0.02, 0.02, 0.02, 0.02, 0.02, 0.02, 0.02, 0.02, 0.02, 0.02, 0.02, 0.02, 0.02, 0.02, 0.02, 0.02, 0.02, 0.02, 0.02, 0.02, 0.02, 0.02, 0.02, 0.02, 0.02, 0.02, 0.02, 0.02, 0.02, 0.02, 0.02, 0.02, 0.02, 0.02, 0.02, 0.02, 0.02, 0.02, 0.02, 0.02, 0.02, 0.02, 0.02, 0.02, 0.02
f(x) = 0.69, -0.69, 0.69, 0.69, 0.69, 0.69, 0.69, 0.69, 0.69, 0.69, 0.69, 0.69, 0.69, -0.69, 0.69, -0.69, -0.69, 0.69, 0.69, -0.69, -0.69, 0.69, 0.69, -0.69, 0.69, -0.69, -0.69, 0.69, 0.69, 0.69, -0.69, -0.69, -0.69, -0.69, -0.69, -0.69, -0.69, -0.69, -0.69, 0.69, -0.69, -0.69, 0.69, 0.69, -0.69, 0.69, -0.69, 0.69, 0.69, -0.69
Boosted Classifier Error = 0.30
Bound on Error = 0.86

Iteration 3
Classifier h = I(x < 0.751757)
G Error = 0.34
C_Plus = 0.05, C_Minus = 0.00
Normalization Factor Z = 0.98
Pi after normalization = 0.02, 0.02, 0.02, 0.02, 0.02, 0.02, 0.02, 0.02, 0.02, 0.02, 0.02, 0.02, 0.02, 0.02, 0.02, 0.02, 0.02, 0.02, 0.02, 0.02, 0.02, 0.02, 0.02, 0.02, 0.02, 0.02, 0.02, 0.02, 0.02, 0.02, 0.02, 0.02, 0.02, 0.02, 0.02, 0.02, 0.02, 0.02, 0.02, 0.02, 0.02, 0.02, 0.02, 0.02, 0.02, 0.02, 0.02, 0.02, 0.02, 0.02
f(x) = 1.03, -1.03, 1.03, 1.03, 1.03, 1.03, 1.03, 1.03, 1.03, 1.03, 1.03, 1.03, 1.03, -1.03, 1.03, -1.03, -1.03, 1.03, 1.03, -1.03, -1.03, 1.03, 1.03, -1.03, 1.03, -1.03, -1.03, 1.03, 1.03, 1.03, -1.03, -1.03, -1.03, -1.03, -1.03, -1.03, -1.03, -1.03, -1.03, 1.03, -1.03, -1.03, 1.03, 1.03, -1.03, 1.03, -1.03, 1.03, 1.03, -1.03
Boosted Classifier Error = 0.30
Bound on Error = 0.84

Iteration 4
Classifier h = I(x < 0.751757)
G Error = 0.34
C_Plus = 0.03, C_Minus = 0.00
Normalization Factor Z = 0.99
Pi after normalization = 0.02, 0.02, 0.02, 0.02, 0.02, 0.02, 0.02, 0.02, 0.02, 0.02, 0.02, 0.02, 0.02, 0.02, 0.02, 0.02, 0.02, 0.02, 0.02, 0.02, 0.02, 0.02, 0.02, 0.02, 0.02, 0.02, 0.02, 0.02, 0.02, 0.02, 0.02, 0.02, 0.02, 0.02, 0.02, 0.02, 0.02, 0.02, 0.02, 0.02, 0.02, 0.02, 0.02, 0.02, 0.02, 0.02, 0.02, 0.02, 0.02, 0.02
f(x) = 1.37, -1.37, 1.37, 1.37, 1.37, 1.37, 1.37, 1.37, 1.37, 1.37, 1.37, 1.37, 1.37, -1.37, 1.37, -1.37, -1.37, 1.37, 1.37, -1.37, -1.37, 1.37, 1.37, -1.37, 1.37, -1.37, -1.37, 1.37, 1.37, 1.37, -1.37, -1.37, -1.37, -1.37, -1.37, -1.37, -1.37, -1.37, -1.37, 1.37, -1.37, -1.37, 1.37, 1.37, -1.37, 1.37, -1.37, 1.37, 1.37, -1.37
Boosted Classifier Error = 0.30
Bound on Error = 0.83

Iteration 5
Classifier h = I(x < 0.751757)
G Error = 0.34
C_Plus = 0.01, C_Minus = 0.00
Normalization Factor Z = 0.99
Pi after normalization = 0.02, 0.02, 0.02, 0.02, 0.02, 0.02, 0.02, 0.02, 0.02, 0.02, 0.02, 0.02, 0.02, 0.02, 0.02, 0.02, 0.02, 0.02, 0.02, 0.02, 0.02, 0.02, 0.02, 0.02, 0.02, 0.02, 0.02, 0.02, 0.02, 0.02, 0.02, 0.02, 0.02, 0.02, 0.02, 0.02, 0.02, 0.02, 0.02, 0.02, 0.02, 0.02, 0.02, 0.02, 0.02, 0.02, 0.02, 0.02, 0.02, 0.02
f(x) = 1.71, -1.71, 1.71, 1.71, 1.71, 1.71, 1.71, 1.71, 1.71, 1.71, 1.71, 1.71, 1.71, -1.71, 1.71, -1.71, -1.71, 1.71, 1.71, -1.71, -1.71, 1.71, 1.71, -1.71, 1.71, -1.71, -1.71, 1.71, 1.71, 1.71, -1.71, -1.71, -1.71, -1.71, -1.71, -1.71, -1.71, -1.71, -1.71, 1.71, -1.71, -1.71, 1.71, 1.71, -1.71, 1.71, -1.71, 1.71, 1.71, -1.71
Boosted Classifier Error = 0.30
Bound on Error = 0.82

Iteration 6
Classifier h = I(x < 0.751757)
G Error = 0.34
C_Plus = 0.01, C_Minus = 0.00
Normalization Factor Z = 1.00
Pi after normalization = 0.02, 0.02, 0.02, 0.02, 0.02, 0.02, 0.02, 0.02, 0.02, 0.02, 0.02, 0.02, 0.02, 0.02, 0.02, 0.02, 0.02, 0.02, 0.02, 0.02, 0.02, 0.02, 0.02, 0.02, 0.02, 0.02, 0.02, 0.02, 0.02, 0.02, 0.02, 0.02, 0.02, 0.02, 0.02, 0.02, 0.02, 0.02, 0.02, 0.02, 0.02, 0.02, 0.02, 0.02, 0.02, 0.02, 0.02, 0.02, 0.02, 0.02
f(x) = 2.06, -2.06, 2.06, 2.06, 2.06, 2.06, 2.06, 2.06, 2.06, 2.06, 2.06, 2.06, 2.06, -2.06, 2.06, -2.06, -2.06, 2.06, 2.06, -2.06, -2.06, 2.06, 2.06, -2.06, 2.06, -2.06, -2.06, 2.06, 2.06, 2.06, -2.06, -2.06, -2.06, -2.06, -2.06, -2.06, -2.06, -2.06, -2.06, 2.06, -2.06, -2.06, 2.06, 2.06, -2.06, 2.06, -2.06, 2.06, 2.06, -2.06
Boosted Classifier Error = 0.30
Bound on Error = 0.82

Iteration 7
Classifier h = I(x < 0.751757)
G Error = 0.34
C_Plus = 0.00, C_Minus = 0.00
Normalization Factor Z = 1.00
Pi after normalization = 0.02, 0.02, 0.02, 0.02, 0.02, 0.02, 0.02, 0.02, 0.02, 0.02, 0.02, 0.02, 0.02, 0.02, 0.02, 0.02, 0.02, 0.02, 0.02, 0.02, 0.02, 0.02, 0.02, 0.02, 0.02, 0.02, 0.02, 0.02, 0.02, 0.02, 0.02, 0.02, 0.02, 0.02, 0.02, 0.02, 0.02, 0.02, 0.02, 0.02, 0.02, 0.02, 0.02, 0.02, 0.02, 0.02, 0.02, 0.02, 0.02, 0.02
f(x) = 2.40, -2.40, 2.40, 2.40, 2.40, 2.40, 2.40, 2.40, 2.40, 2.40, 2.40, 2.40, 2.40, -2.40, 2.40, -2.40, -2.40, 2.40, 2.40, -2.40, -2.40, 2.40, 2.40, -2.40, 2.40, -2.40, -2.40, 2.40, 2.40, 2.40, -2.40, -2.40, -2.40, -2.40, -2.40, -2.40, -2.40, -2.40, -2.40, 2.40, -2.40, -2.40, 2.40, 2.40, -2.40, 2.40, -2.40, 2.40, 2.40, -2.40
Boosted Classifier Error = 0.30
Bound on Error = 0.82

Iteration 8
Classifier h = I(x < 0.751757)
G Error = 0.34
C_Plus = 0.00, C_Minus = 0.00
Normalization Factor Z = 1.00
Pi after normalization = 0.02, 0.02, 0.02, 0.02, 0.02, 0.02, 0.02, 0.02, 0.02, 0.02, 0.02, 0.02, 0.02, 0.02, 0.02, 0.02, 0.02, 0.02, 0.02, 0.02, 0.02, 0.02, 0.02, 0.02, 0.02, 0.02, 0.02, 0.02, 0.02, 0.02, 0.02, 0.02, 0.02, 0.02, 0.02, 0.02, 0.02, 0.02, 0.02, 0.02, 0.02, 0.02, 0.02, 0.02, 0.02, 0.02, 0.02, 0.02, 0.02, 0.02
f(x) = 2.74, -2.74, 2.74, 2.74, 2.74, 2.74, 2.74, 2.74, 2.74, 2.74, 2.74, 2.74, 2.74, -2.74, 2.74, -2.74, -2.74, 2.74, 2.74, -2.74, -2.74, 2.74, 2.74, -2.74, 2.74, -2.74, -2.74, 2.74, 2.74, 2.74, -2.74, -2.74, -2.74, -2.74, -2.74, -2.74, -2.74, -2.74, -2.74, 2.74, -2.74, -2.74, 2.74, 2.74, -2.74, 2.74, -2.74, 2.74, 2.74, -2.74
Boosted Classifier Error = 0.30
Bound on Error = 0.82

Iteration 9
Classifier h = I(x < 0.751757)
G Error = 0.34
C_Plus = 0.00, C_Minus = 0.00
Normalization Factor Z = 1.00
Pi after normalization = 0.02, 0.02, 0.02, 0.02, 0.02, 0.02, 0.02, 0.02, 0.02, 0.02, 0.02, 0.02, 0.02, 0.02, 0.02, 0.02, 0.02, 0.02, 0.02, 0.02, 0.02, 0.02, 0.02, 0.02, 0.02, 0.02, 0.02, 0.02, 0.02, 0.02, 0.02, 0.02, 0.02, 0.02, 0.02, 0.02, 0.02, 0.02, 0.02, 0.02, 0.02, 0.02, 0.02, 0.02, 0.02, 0.02, 0.02, 0.02, 0.02, 0.02
f(x) = 3.08, -3.08, 3.08, 3.08, 3.08, 3.08, 3.08, 3.08, 3.08, 3.08, 3.08, 3.08, 3.08, -3.08, 3.08, -3.08, -3.08, 3.08, 3.08, -3.08, -3.08, 3.08, 3.08, -3.08, 3.08, -3.08, -3.08, 3.08, 3.08, 3.08, -3.08, -3.08, -3.08, -3.08, -3.08, -3.08, -3.08, -3.08, -3.08, 3.08, -3.08, -3.08, 3.08, 3.08, -3.08, 3.08, -3.08, 3.08, 3.08, -3.08
Boosted Classifier Error = 0.30
Bound on Error = 0.82

Iteration 10
Classifier h = I(x < 0.751757)
G Error = 0.34
C_Plus = 0.00, C_Minus = 0.00
Normalization Factor Z = 1.00
Pi after normalization = 0.02, 0.02, 0.02, 0.02, 0.02, 0.02, 0.02, 0.02, 0.02, 0.02, 0.02, 0.02, 0.02, 0.02, 0.02, 0.02, 0.02, 0.02, 0.02, 0.02, 0.02, 0.02, 0.02, 0.02, 0.02, 0.02, 0.02, 0.02, 0.02, 0.02, 0.02, 0.02, 0.02, 0.02, 0.02, 0.02, 0.02, 0.02, 0.02, 0.02, 0.02, 0.02, 0.02, 0.02, 0.02, 0.02, 0.02, 0.02, 0.02, 0.02
f(x) = 3.42, -3.42, 3.42, 3.42, 3.42, 3.42, 3.42, 3.42, 3.42, 3.42, 3.42, 3.42, 3.42, -3.42, 3.42, -3.42, -3.42, 3.42, 3.42, -3.42, -3.42, 3.42, 3.42, -3.42, 3.42, -3.42, -3.42, 3.42, 3.42, 3.42, -3.42, -3.42, -3.42, -3.42, -3.42, -3.42, -3.42, -3.42, -3.42, 3.42, -3.42, -3.42, 3.42, 3.42, -3.42, 3.42, -3.42, 3.42, 3.42, -3.42
Boosted Classifier Error = 0.30
Bound on Error = 0.82
